0.000000 0.000000
0.785398 0.707107
1.570796 1.000000
2.356194 0.707107
3.141593 0.000000
3.926991 0.707107
4.712389 1.000000
5.497787 0.707107
6.283185 0.000000
0.000000 0.000000
0.017453 0.017452
0.034907 0.034899
0.052360 0.052336
0.069813 0.069756
0.087266 0.087156
0.104720 0.104528
0.122173 0.121869
0.139626 0.139173
0.157080 0.156434
0.174533 0.173648
0.191986 0.190809
0.209440 0.207912
0.226893 0.224951
0.244346 0.241922
0.261799 0.258819
0.279253 0.275637
0.296706 0.292372
0.314159 0.309017
0.331613 0.325568
0.349066 0.342020
0.366519 0.358368
0.383972 0.374607
0.401426 0.390731
0.418879 0.406737
0.436332 0.422618
0.453786 0.438371
0.471239 0.453990
0.488692 0.469472
0.506145 0.484810
0.523599 0.500000
0.541052 0.515038
0.558505 0.529919
0.575959 0.544639
0.593412 0.559193
0.610865 0.573576
0.628319 0.587785
0.645772 0.601815
0.663225 0.615661
0.680678 0.629320
0.698132 0.642788
0.715585 0.656059
0.733038 0.669131
0.750492 0.681998
0.767945 0.694658
0.785398 0.707107
0.802851 0.719340
0.820305 0.731354
0.837758 0.743145
0.855211 0.754710
0.872665 0.766044
0.890118 0.777146
0.907571 0.788011
0.925025 0.798636
0.942478 0.809017
0.959931 0.819152
0.977384 0.829038
0.994838 0.838671
1.012291 0.848048
1.029744 0.857167
1.047198 0.866025
1.064651 0.874620
1.082104 0.882948
1.099557 0.891007
1.117011 0.898794
1.134464 0.906308
1.151917 0.913545
1.169371 0.920505
1.186824 0.927184
1.204277 0.933580
1.221730 0.939693
1.239184 0.945519
1.256637 0.951057
1.274090 0.956305
1.291544 0.961262
1.308997 0.965926
1.326450 0.970296
1.343904 0.974370
1.361357 0.978148
1.378810 0.981627
1.396263 0.984808
1.413717 0.987688
1.431170 0.990268
1.448623 0.992546
1.466077 0.994522
1.483530 0.996195
1.500983 0.997564
1.518436 0.998630
1.535890 0.999391
1.553343 0.999848
1.570796 1.000000
1.588250 0.999848
1.605703 0.999391
1.623156 0.998630
1.640609 0.997564
1.658063 0.996195
1.675516 0.994522
1.692969 0.992546
1.710423 0.990268
1.727876 0.987688
1.745329 0.984808
1.762783 0.981627
1.780236 0.978148
1.797689 0.974370
1.815142 0.970296
1.832596 0.965926
1.850049 0.961262
1.867502 0.956305
1.884956 0.951057
1.902409 0.945519
1.919862 0.939693
1.937315 0.933580
1.954769 0.927184
1.972222 0.920505
1.989675 0.913545
2.007129 0.906308
2.024582 0.898794
2.042035 0.891007
2.059489 0.882948
2.076942 0.874620
2.094395 0.866025
2.111848 0.857167
2.129302 0.848048
2.146755 0.838671
2.164208 0.829038
2.181662 0.819152
2.199115 0.809017
2.216568 0.798636
2.234021 0.788011
2.251475 0.777146
2.268928 0.766044
2.286381 0.754710
2.303835 0.743145
2.321288 0.731354
2.338741 0.719340
2.356194 0.707107
2.373648 0.694658
2.391101 0.681998
2.408554 0.669131
2.426008 0.656059
2.443461 0.642788
2.460914 0.629320
2.478368 0.615661
2.495821 0.601815
2.513274 0.587785
2.530727 0.573576
2.548181 0.559193
2.565634 0.544639
2.583087 0.529919
2.600541 0.515038
2.617994 0.500000
2.635447 0.484810
2.652900 0.469472
2.670354 0.453990
2.687807 0.438371
2.705260 0.422618
2.722714 0.406737
2.740167 0.390731
2.757620 0.374607
2.775074 0.358368
2.792527 0.342020
2.809980 0.325568
2.827433 0.309017
2.844887 0.292372
2.862340 0.275637
2.879793 0.258819
2.897247 0.241922
2.914700 0.224951
2.932153 0.207912
2.949606 0.190809
2.967060 0.173648
2.984513 0.156434
3.001966 0.139173
3.019420 0.121869
3.036873 0.104528
3.054326 0.087156
3.071779 0.069756
3.089233 0.052336
3.106686 0.034899
3.124139 0.017452
3.141593 0.000000
3.159046 0.017452
3.176499 0.034899
3.193953 0.052336
3.211406 0.069756
3.228859 0.087156
3.246312 0.104528
3.263766 0.121869
3.281219 0.139173
3.298672 0.156434
3.316126 0.173648
3.333579 0.190809
3.351032 0.207912
3.368485 0.224951
3.385939 0.241922
3.403392 0.258819
3.420845 0.275637
3.438299 0.292372
3.455752 0.309017
3.473205 0.325568
3.490659 0.342020
3.508112 0.358368
3.525565 0.374607
3.543018 0.390731
3.560472 0.406737
3.577925 0.422618
3.595378 0.438371
3.612832 0.453990
3.630285 0.469472
3.647738 0.484810
3.665191 0.500000
3.682645 0.515038
3.700098 0.529919
3.717551 0.544639
3.735005 0.559193
3.752458 0.573576
3.769911 0.587785
3.787364 0.601815
3.804818 0.615661
3.822271 0.629320
3.839724 0.642788
3.857178 0.656059
3.874631 0.669131
3.892084 0.681998
3.909538 0.694658
3.926991 0.707107
3.944444 0.719340
3.961897 0.731354
3.979351 0.743145
3.996804 0.754710
4.014257 0.766044
4.031711 0.777146
4.049164 0.788011
4.066617 0.798636
4.084070 0.809017
4.101524 0.819152
4.118977 0.829038
4.136430 0.838671
4.153884 0.848048
4.171337 0.857167
4.188790 0.866025
4.206243 0.874620
4.223697 0.882948
4.241150 0.891007
4.258603 0.898794
4.276057 0.906308
4.293510 0.913545
4.310963 0.920505
4.328417 0.927184
4.345870 0.933580
4.363323 0.939693
4.380776 0.945519
4.398230 0.951057
4.415683 0.956305
4.433136 0.961262
4.450590 0.965926
4.468043 0.970296
4.485496 0.974370
4.502949 0.978148
4.520403 0.981627
4.537856 0.984808
4.555309 0.987688
4.572763 0.990268
4.590216 0.992546
4.607669 0.994522
4.625123 0.996195
4.642576 0.997564
4.660029 0.998630
4.677482 0.999391
4.694936 0.999848
4.712389 1.000000
4.729842 0.999848
4.747296 0.999391
4.764749 0.998630
4.782202 0.997564
4.799655 0.996195
4.817109 0.994522
4.834562 0.992546
4.852015 0.990268
4.869469 0.987688
4.886922 0.984808
4.904375 0.981627
4.921828 0.978148
4.939282 0.974370
4.956735 0.970296
4.974188 0.965926
4.991642 0.961262
5.009095 0.956305
5.026548 0.951057
5.044002 0.945519
5.061455 0.939693
5.078908 0.933580
5.096361 0.927184
5.113815 0.920505
5.131268 0.913545
5.148721 0.906308
5.166175 0.898794
5.183628 0.891007
5.201081 0.882948
5.218534 0.874620
5.235988 0.866025
5.253441 0.857167
5.270894 0.848048
5.288348 0.838671
5.305801 0.829038
5.323254 0.819152
5.340708 0.809017
5.358161 0.798636
5.375614 0.788011
5.393067 0.777146
5.410521 0.766044
5.427974 0.754710
5.445427 0.743145
5.462881 0.731354
5.480334 0.719340
5.497787 0.707107
5.515240 0.694658
5.532694 0.681998
5.550147 0.669131
5.567600 0.656059
5.585054 0.642788
5.602507 0.629320
5.619960 0.615661
5.637413 0.601815
5.654867 0.587785
5.672320 0.573576
5.689773 0.559193
5.707227 0.544639
5.724680 0.529919
5.742133 0.515038
5.759587 0.500000
5.777040 0.484810
5.794493 0.469472
5.811946 0.453990
5.829400 0.438371
5.846853 0.422618
5.864306 0.406737
5.881760 0.390731
5.899213 0.374607
5.916666 0.358368
5.934119 0.342020
5.951573 0.325568
5.969026 0.309017
5.986479 0.292372
6.003933 0.275637
6.021386 0.258819
6.038839 0.241922
6.056293 0.224951
6.073746 0.207912
6.091199 0.190809
6.108652 0.173648
6.126106 0.156434
6.143559 0.139173
6.161012 0.121869
6.178466 0.104528
6.195919 0.087156
6.213372 0.069756
6.230825 0.052336
6.248279 0.034899
6.265732 0.017452
6.283185 0.000000
