0.0 -7.5141786575e-05 
0.017453 0.00398459703923 
0.034907 0.00839055352947 
0.05236 0.0131560881881 
0.069813 0.018296006479 
0.087266 0.0238255908339 
0.10472 0.0297612108171 
0.122173 0.0361189490411 
0.139626 0.0429166414556 
0.15708 0.0501729622494 
0.174533 0.0579060431274 
0.191986 0.0661359321909 
0.20944 0.0748834244115 
0.226893 0.0841683600434 
0.244346 0.0940125371561 
0.261799 0.104437618712 
0.279253 0.115466118463 
0.296706 0.127118654327 
0.314159 0.139417513057 
0.331613 0.152384651934 
0.349066 0.166038984282 
0.366519 0.180400461603 
0.383972 0.195486708643 
0.401426 0.211314179451 
0.418879 0.227893926287 
0.436332 0.245236411376 
0.453786 0.2633482897 
0.471239 0.282228345829 
0.488692 0.301872914243 
0.506145 0.322270928364 
0.523599 0.343405303461 
0.541052 0.365247192027 
0.558505 0.387762430849 
0.575959 0.410907338691 
0.593412 0.43462394661 
0.610865 0.45884751646 
0.628319 0.483502481741 
0.645772 0.508498156958 
0.663225 0.5337376384 
0.680678 0.559112976245 
0.698132 0.584509248204 
0.715585 0.609800383426 
0.733038 0.634859963544 
0.750492 0.659559229129 
0.767945 0.683765623907 
0.785398 0.707354221947 
0.802851 0.730205031606 
0.820305 0.752208574497 
0.837758 0.773263581878 
0.855211 0.793286885943 
0.872665 0.812211193623 
0.890118 0.829983325453 
0.907571 0.846571301987 
0.925025 0.861960701548 
0.942478 0.876151603796 
0.959931 0.88916260666 
0.977384 0.901025502595 
0.994838 0.911784722007 
1.012291 0.921492674448 
1.029744 0.930211115809 
1.047198 0.938006764438 
1.064651 0.944948080143 
1.082104 0.951106019506 
1.099557 0.956550547954 
1.117011 0.961350006965 
1.134464 0.965568982521 
1.151917 0.969269161385 
1.169371 0.972507840328 
1.186824 0.975337195416 
1.204277 0.977805269864 
1.22173 0.97995523817 
1.239184 0.981825848012 
1.256637 0.983451234223 
1.27409 0.984861840355 
1.291544 0.986084354904 
1.308997 0.987141883669 
1.32645 0.988054694119 
1.343904 0.988840282734 
1.361357 0.989513574143 
1.37881 0.990087463566 
1.396263 0.990572878725 
1.413717 0.990979071081 
1.43117 0.991313722389 
1.448623 0.991583253073 
1.466077 0.991792880554 
1.48353 0.991946722247 
1.500983 0.992047968204 
1.518436 0.992098911262 
1.53589 0.992101022663 
1.553343 0.992055000776 
1.570796 0.991960802614 
1.58825 0.991817647217 
1.605703 0.991624055119 
1.623156 0.991377788424 
1.640609 0.991075857094 
1.658063 0.990714453524 
1.675516 0.990288990245 
1.692969 0.989793915446 
1.710423 0.989222684317 
1.727876 0.988567790513 
1.745329 0.987820473892 
1.762783 0.986970686777 
1.780236 0.986007145047 
1.797689 0.984916908111 
1.815142 0.983685429519 
1.832596 0.982296282457 
1.850049 0.980731338121 
1.867502 0.978970139892 
1.884956 0.976989944533 
1.902409 0.974765974756 
1.919862 0.97227061661 
1.937315 0.969473757126 
1.954769 0.966342416291 
1.972222 0.962841452416 
1.989675 0.958932509085 
2.007129 0.954574531301 
2.024582 0.94972477831 
2.042035 0.944337574789 
2.059489 0.938365265422 
2.076942 0.931759833003 
2.094395 0.924471418769 
2.111848 0.916450344218 
2.129302 0.907647068893 
2.146755 0.89801517786 
2.164208 0.887509388552 
2.181662 0.87608795249 
2.199115 0.863716015749 
2.216568 0.850362893558 
2.234021 0.836005816419 
2.251475 0.820629517151 
2.268928 0.804230832337 
2.286381 0.786814281546 
2.303835 0.768395112893 
2.321288 0.749003154254 
2.338741 0.728676630171 
2.356194 0.707466184826 
2.373648 0.685432127461 
2.391101 0.662648792916 
2.408554 0.639195950677 
2.426008 0.615161171074 
2.443461 0.590642686665 
2.460914 0.565739541471 
2.478368 0.54055396324 
2.495821 0.515194112341 
2.513274 0.489763775023 
2.530727 0.464366578023 
2.548181 0.439101698866 
2.565634 0.414068408074 
2.583087 0.389356330136 
2.600541 0.365049031574 
2.617994 0.341227492019 
2.635447 0.317961324175 
2.6529 0.295314150203 
2.670354 0.273340911335 
2.687807 0.252092972709 
2.70526 0.231610803586 
2.722714 0.211928294644 
2.740167 0.19307636906 
2.75762 0.17507669772 
2.775074 0.157945823574 
2.792527 0.141698428844 
2.80998 0.126341991926 
2.827433 0.111881303336 
2.844887 0.0983172291039 
2.86234 0.0856502638405 
2.879793 0.0738763333106 
2.897247 0.0629897868573 
2.9147 0.0529854328679 
2.932153 0.0438551540489 
2.949606 0.0355907727458 
2.96706 0.0281832854568 
2.984513 0.0216247599907 
3.001966 0.0159060054604 
3.01942 0.0110182464924 
3.036873 0.00695390209062 
3.054326 0.00370503423105 
3.071779 0.00126461790722 
3.089233 -0.000373754339075 
3.106686 -0.00121548560406 
3.124139 -0.00126550066421 
3.141593 -0.000527743030855 
3.159046 0.000994492526651 
3.176499 0.00329879429615 
3.193953 0.00638367128696 
3.211406 0.0102477665882 
3.228859 0.0148908456962 
3.246312 0.0203130442347 
3.263766 0.0265152920647 
3.281219 0.033497720721 
3.298672 0.0412616498567 
3.316126 0.0498085575211 
3.333579 0.0591382243406 
3.351032 0.0692514657994 
3.368485 0.080147992005 
3.385939 0.091827319501 
3.403392 0.104285782758 
3.420845 0.117520263157 
3.438299 0.131526077937 
3.455752 0.146294054257 
3.473205 0.16181501402 
3.490659 0.178077222398 
3.508112 0.195063058341 
3.525565 0.212754270052 
3.543018 0.231127965335 
3.560472 0.250158327277 
3.577925 0.269811942275 
3.595378 0.290054113724 
3.612832 0.310845565115 
3.630285 0.332138603233 
3.647738 0.353884235306 
3.665191 0.376027487843 
3.682645 0.398510033688 
3.700098 0.421265281808 
3.717551 0.444226487265 
3.735005 0.46732343159 
3.752458 0.490479006285 
3.769911 0.51361787381 
3.787364 0.536661989779 
3.804818 0.559534122106 
3.822271 0.582153576054 
3.839724 0.604445059602 
3.857178 0.626335675419 
3.874631 0.647752232697 
3.892084 0.668629720943 
3.909538 0.688908275048 
3.926991 0.70853059157 
3.944444 0.727449541402 
3.961897 0.745623976769 
3.979351 0.763021220552 
3.996804 0.779613296843 
4.014257 0.795382923962 
4.031711 0.810320166867 
4.049164 0.82441979138 
4.066617 0.837685982168 
4.08407 0.850128347154 
4.101524 0.861762832556 
4.118977 0.872608434088 
4.13643 0.882690488351 
4.153884 0.892037755369 
4.171337 0.900680293129 
4.18879 0.908651976062 
4.206243 0.915987658782 
4.223697 0.922723497392 
4.24115 0.928894893892 
4.258603 0.934538324885 
4.276057 0.93968962935 
4.29351 0.944382906517 
4.310963 0.948651994329 
4.328417 0.952529245126 
4.34587 0.956044794558 
4.363323 0.959227767511 
4.380776 0.962105288871 
4.39823 0.964702815459 
4.415683 0.967043546538 
4.433136 0.969149330559 
4.45059 0.971040194777 
4.468043 0.972734133795 
4.485496 0.974247822563 
4.502949 0.975596244424 
4.520403 0.976792946875 
4.537856 0.977849854823 
4.555309 0.978777759067 
4.572763 0.979586152857 
4.590216 0.98028319777 
4.607669 0.980876066979 
4.625123 0.981370839063 
4.642576 0.981772492446 
4.660029 0.982085119828 
4.677482 0.982311846122 
4.694936 0.98245489342 
4.712389 0.982515572206 
4.729842 0.982494340667 
4.747296 0.982390760037 
4.764749 0.98220352552 
4.782202 0.981930413478 
4.799655 0.98156827388 
4.817109 0.981112962255 
4.834562 0.980559404708 
4.852015 0.979901388646 
4.869469 0.979131552651 
4.886922 0.978241476933 
4.904375 0.977221343966 
4.921828 0.976060027161 
4.939282 0.974744885431 
4.956735 0.97326198688 
4.974188 0.971595572391 
4.991642 0.96972815261 
5.009095 0.967640802354 
5.026548 0.965312458293 
5.044002 0.962720132653 
5.061455 0.959839398753 
5.078908 0.956643508636 
5.096361 0.953104012782 
5.113815 0.949190468857 
5.131268 0.944871494413 
5.148721 0.940113615659 
5.166175 0.934882080955 
5.183628 0.929142195131 
5.201081 0.922857917217 
5.218534 0.915993495515 
5.235988 0.908513271664 
5.253441 0.900384033281 
5.270894 0.891573107436 
5.288348 0.88205017938 
5.305801 0.871789844445 
5.323254 0.860769087629 
5.340708 0.848969464437 
5.358161 0.83638002821 
5.375614 0.822993915616 
5.393067 0.808811556426 
5.410521 0.793839576293 
5.427974 0.77809457287 
5.445427 0.761598111669 
5.462881 0.744379082147 
5.480334 0.726476652454 
5.497787 0.707933976169 
5.51524 0.688801564317 
5.532694 0.669134494652 
5.550147 0.648996139777 
5.5676 0.628450490658 
5.585054 0.607564451899 
5.602507 0.586410518295 
5.61996 0.565058565095 
5.637413 0.543579620491 
5.654867 0.522042496624 
5.67232 0.50051785745 
5.689773 0.479070031501 
5.707227 0.457760062799 
5.72468 0.436648799002 
5.742133 0.415789124345 
5.759587 0.39522936762 
5.77704 0.375016564188 
5.794493 0.355189281185 
5.811946 0.335782339956 
5.8294 0.316824628345 
5.846853 0.298343560901 
5.864306 0.280358757761 
5.88176 0.262885673127 
5.899213 0.245938746115 
5.916666 0.229525690733 
5.934119 0.213651841293 
5.951573 0.198318589289 
5.969026 0.183527180394 
5.986479 0.169273750599 
6.003933 0.155552395926 
6.021386 0.142357673328 
6.038839 0.129680148481 
6.056293 0.117509133061 
6.073746 0.105834869744 
6.091199 0.0946445559687 
6.108652 0.0839253488931 
6.126106 0.0736632470058 
6.143559 0.0638455659409 
6.161012 0.0544575452377 
6.178466 0.0454843402264 
6.195919 0.0369125559833 
6.213372 0.028727252677 
6.230825 0.0209141010993 
6.248279 0.0134585046006 
6.265732 0.00634734187616 
6.283185 -0.000433549094725 
