0.0 -1.89516053223e-05 
0.017453 0.00275069946238 
0.034907 0.00571042260381 
0.05236 0.00887829006308 
0.069813 0.0122742691585 
0.087266 0.0159196428486 
0.10472 0.0198374945318 
0.122173 0.0240518832171 
0.139626 0.0285892753814 
0.15708 0.0334780391548 
0.174533 0.038747599517 
0.191986 0.0444301870212 
0.20944 0.0505601631685 
0.226893 0.0571729030416 
0.244346 0.064306920847 
0.261799 0.0720024864125 
0.279253 0.0803024144538 
0.296706 0.0892500406828 
0.314159 0.0988919273148 
0.331613 0.109276402641 
0.349066 0.120451300194 
0.366519 0.132467126848 
0.383972 0.145374211981 
0.401426 0.159223445838 
0.418879 0.174062235068 
0.436332 0.189938260068 
0.453786 0.206896160212 
0.471239 0.224972931277 
0.488692 0.24420210109 
0.506145 0.264608026279 
0.523599 0.28620600341 
0.541052 0.308994961667 
0.558505 0.332962464824 
0.575959 0.358078829323 
0.593412 0.384290099596 
0.610865 0.411524500896 
0.628319 0.439686604016 
0.645772 0.468651060681 
0.663225 0.498271978656 
0.680678 0.528377263796 
0.698132 0.558773958617 
0.715585 0.589244639053 
0.733038 0.619562666927 
0.750492 0.649493012434 
0.767945 0.678794295924 
0.785398 0.707236919441 
0.802851 0.734604168151 
0.820305 0.760703001301 
0.837758 0.785364783939 
0.855211 0.808459437568 
0.872665 0.829893864037 
0.890118 0.849609922919 
0.907571 0.867591017878 
0.925025 0.883855329986 
0.942478 0.89844932909 
0.959931 0.911448172182 
0.977384 0.922946125772 
0.994838 0.933052230085 
1.012291 0.941882495102 
1.029744 0.949558380039 
1.047198 0.956200547574 
1.064651 0.961924670078 
1.082104 0.966841216663 
1.099557 0.971052195215 
1.117011 0.974650765982 
1.134464 0.977720041664 
1.151917 0.980334353342 
1.169371 0.982558876005 
1.186824 0.984449945796 
1.204277 0.986056532898 
1.22173 0.987420488585 
1.239184 0.98857752968 
1.256637 0.989557744887 
1.27409 0.990386699966 
1.291544 0.991085846413 
1.308997 0.991673017928 
1.32645 0.992163176003 
1.343904 0.992568703284 
1.361357 0.992899734292 
1.37881 0.993164611364 
1.396263 0.993370053368 
1.413717 0.993521408611 
1.43117 0.993622803535 
1.448623 0.993677340001 
1.466077 0.993687172676 
1.48353 0.993653608928 
1.500983 0.993577178827 
1.518436 0.993457677303 
1.53589 0.993294184656 
1.553343 0.993085120252 
1.570796 0.992828186195 
1.58825 0.992520370043 
1.605703 0.992157985455 
1.623156 0.991736531294 
1.640609 0.99125071369 
1.658063 0.990694341358 
1.675516 0.990060394187 
1.692969 0.989340762282 
1.710423 0.988526242743 
1.727876 0.987606620068 
1.745329 0.98657030178 
1.762783 0.985404341437 
1.780236 0.984094583222 
1.797689 0.982625180021 
1.815142 0.980978776968 
1.832596 0.979136272457 
1.850049 0.97707720221 
1.867502 0.974779078747 
1.884956 0.972217643001 
1.902409 0.969367394349 
1.919862 0.96620077751 
1.937315 0.962688861093 
1.954769 0.958801121393 
1.972222 0.954506564963 
1.989675 0.949772662798 
2.007129 0.944566233281 
2.024582 0.938854839327 
2.042035 0.932605449901 
2.059489 0.925785700351 
2.076942 0.918365756295 
2.094395 0.91031656422 
2.111848 0.901611998622 
2.129302 0.892228560774 
2.146755 0.882148191792 
2.164208 0.871355646274 
2.181662 0.859840472662 
2.199115 0.847599658831 
2.216568 0.834634069433 
2.234021 0.82095133289 
2.251475 0.806564527878 
2.268928 0.79149555953 
2.286381 0.775770113314 
2.303835 0.759419722322 
2.321288 0.742484376485 
2.338741 0.725006405459 
2.356194 0.70703359052 
2.373648 0.688616486826 
2.391101 0.669811910294 
2.408554 0.650675797234 
2.426008 0.631265459337 
2.443461 0.611642183155 
2.460914 0.591863755389 
2.478368 0.571987006401 
2.495821 0.552070574834 
2.513274 0.532167451669 
2.530727 0.512328998094 
2.548181 0.492602235133 
2.565634 0.473034000445 
2.583087 0.453663893923 
2.600541 0.434527534633 
2.617994 0.415659693573 
2.635447 0.397087678383 
2.6529 0.378835763508 
2.670354 0.360923153357 
2.687807 0.34336819555 
2.70526 0.326182385424 
2.722714 0.309373730822 
2.740167 0.292949756959 
2.75762 0.276911951212 
2.775074 0.261258981571 
2.792527 0.245989519115 
2.80998 0.231097085823 
2.827433 0.216573885748 
2.844887 0.202409308437 
2.86234 0.188593355791 
2.879793 0.175111962641 
2.897247 0.161949692766 
2.9147 0.14909207632 
2.932153 0.136521233696 
2.949606 0.124219042632 
2.96706 0.112165811316 
2.984513 0.100343133549 
3.001966 0.0887298426363 
3.01942 0.077304221837 
3.036873 0.0660459892641 
3.054326 0.0549324383676 
3.071779 0.0439411245157 
3.089233 0.0330486359184 
3.106686 0.0222331311816 
3.124139 0.0114706401235 
3.141593 0.000736990134636 
3.159046 -0.00999032357215 
3.176499 -0.0207357869748 
3.193953 -0.0315239872341 
3.211406 -0.0423777115991 
3.228859 -0.0533216081121 
3.246312 -0.0643796664422 
3.263766 -0.0755764232349 
3.281219 -0.0869343233777 
3.298672 -0.0984774926663 
3.316126 -0.110229776041 
3.333579 -0.122212572691 
3.351032 -0.134448763348 
3.368485 -0.146959904786 
3.385939 -0.159767497724 
3.403392 -0.17288987564 
3.420845 -0.18634642829 
3.438299 -0.200155289925 
3.455752 -0.214330664032 
3.473205 -0.228887334121 
3.490659 -0.243838135265 
3.508112 -0.2591910161 
3.525565 -0.274953892744 
3.543018 -0.291130949531 
3.560472 -0.307724143365 
3.577925 -0.324729071918 
3.595378 -0.342140377812 
3.612832 -0.359948714006 
3.630285 -0.378137313771 
3.647738 -0.396687882136 
3.665191 -0.415576349535 
3.682645 -0.434774858957 
3.700098 -0.454247287445 
3.717551 -0.473955870334 
3.735005 -0.493858077365 
3.752458 -0.513903350678 
3.769911 -0.534040281555 
3.787364 -0.554212504537 
3.804818 -0.574361549183 
3.822271 -0.594422899969 
3.839724 -0.614333708551 
3.857178 -0.634030161255 
3.874631 -0.653445071486 
3.892084 -0.672515639961 
3.909538 -0.691180980935 
3.926991 -0.709379988376 
3.944444 -0.727058696407 
3.961897 -0.744166834943 
3.979351 -0.760660590942 
3.996804 -0.776499483959 
4.014257 -0.791652507416 
4.031711 -0.806095420109 
4.049164 -0.819808571989 
4.066617 -0.832781833407 
4.08407 -0.845011045615 
4.101524 -0.856499163593 
4.118977 -0.867253199091 
4.13643 -0.877287601351 
4.153884 -0.886621454832 
4.171337 -0.895276369462 
4.18879 -0.903278974219 
4.206243 -0.910658027364 
4.223697 -0.917444653523 
4.24115 -0.923670171622 
4.258603 -0.929367826252 
4.276057 -0.934570947825 
4.29351 -0.939311724371 
4.310963 -0.943622587013 
4.328417 -0.947534873522 
4.34587 -0.9510780019 
4.363323 -0.954280609593 
4.380776 -0.957169488969 
4.39823 -0.959769866087 
4.415683 -0.962104766331 
4.433136 -0.964195886903 
4.45059 -0.966063096563 
4.468043 -0.967724210276 
4.485496 -0.969195679455 
4.502949 -0.970492214774 
4.520403 -0.971627030342 
4.537856 -0.972611667741 
4.555309 -0.973456461289 
4.572763 -0.97417038196 
4.590216 -0.974761022926 
4.607669 -0.975234911912 
4.625123 -0.975597420284 
4.642576 -0.975852786485 
4.660029 -0.976004288924 
4.677482 -0.976054198256 
4.694936 -0.976003829641 
4.712389 -0.975853586801 
4.729842 -0.975602964373 
4.747296 -0.975250543482 
4.764749 -0.974794084661 
4.782202 -0.974230407314 
4.799655 -0.973555459494 
4.817109 -0.97276424203 
4.834562 -0.971850982508 
4.852015 -0.97080884662 
4.869469 -0.96963002141 
4.886922 -0.968305930489 
4.904375 -0.966826808833 
4.921828 -0.965181945134 
4.939282 -0.963359491872 
4.956735 -0.961346880742 
4.974188 -0.959130191196 
4.991642 -0.956694413005 
5.009095 -0.954023929723 
5.026548 -0.95110170703 
5.044002 -0.947909685079 
5.061455 -0.944429447276 
5.078908 -0.940641198357 
5.096361 -0.936524573544 
5.113815 -0.932058313834 
5.131268 -0.927221449624 
5.148721 -0.92199193222 
5.166175 -0.916347490424 
5.183628 -0.910266917164 
5.201081 -0.903728370405 
5.218534 -0.896710903303 
5.235988 -0.889193989299 
5.253441 -0.881159571397 
5.270894 -0.872589789916 
5.288348 -0.863468453433 
5.305801 -0.853783061857 
5.323254 -0.843521983139 
5.340708 -0.832676170294 
5.358161 -0.82124145004 
5.375614 -0.809215042114 
5.393067 -0.796598221669 
5.410521 -0.783395108965 
5.427974 -0.769615846832 
5.445427 -0.755272124591 
5.462881 -0.74037930738 
5.480334 -0.724959086216 
5.497787 -0.709034241129 
5.51524 -0.69263184917 
5.532694 -0.67578123813 
5.550147 -0.658517591997 
5.5676 -0.640875828044 
5.585054 -0.622893030568 
5.602507 -0.604611244559 
5.61996 -0.586070875586 
5.637413 -0.567314368125 
5.654867 -0.548383667998 
5.67232 -0.529324150102 
5.689773 -0.510177701035 
5.707227 -0.490985566664 
5.72468 -0.471791317925 
5.742133 -0.452633927735 
5.759587 -0.433550794167 
5.77704 -0.414580765636 
5.794493 -0.395757373085 
5.811946 -0.377113046507 
5.8294 -0.358676845784 
5.846853 -0.34047858883 
5.864306 -0.322542462486 
5.88176 -0.304890242819 
5.899213 -0.287544275723 
5.916666 -0.270521447317 
5.934119 -0.253837310164 
5.951573 -0.237504220201 
5.969026 -0.221535157435 
5.986479 -0.205938220301 
6.003933 -0.190719647966 
6.021386 -0.175886465761 
6.038839 -0.161441382434 
6.056293 -0.147385636691 
6.073746 -0.133721443582 
6.091199 -0.12044729108 
6.108652 -0.107561308821 
6.126106 -0.0950598670017 
6.143559 -0.0829405346526 
6.161012 -0.0711978919962 
6.178466 -0.0598258794901 
6.195919 -0.0488197520078 
6.213372 -0.0381722600121 
6.230825 -0.0278763597843 
6.248279 -0.0179240673372 
6.265732 -0.00830878945769 
6.283185 0.000978033053137 
