-10.0 -10.0 0.00692314648776 
-10.0 -9.0 0.00564921143979 
-10.0 -8.0 0.00184525873925 
-10.0 -7.0 0.000520030839768 
-10.0 -6.0 0.000153053174049 
-10.0 -5.0 4.90575257065e-05 
-10.0 -4.0 1.9967536708e-05 
-10.0 -3.0 1.14453004102e-05 
-10.0 -2.0 8.60607984728e-06 
-10.0 -1.0 7.55995405629e-06 
-10.0 0.0 7.21092551229e-06 
-10.0 1.0 7.27199124722e-06 
-10.0 2.0 7.85168945111e-06 
-10.0 3.0 9.61041556766e-06 
-10.0 4.0 1.47948477745e-05 
-10.0 5.0 3.13423038457e-05 
-10.0 6.0 8.72237335709e-05 
-10.0 7.0 0.000281093196122 
-10.0 8.0 0.00108557993986 
-10.0 9.0 0.00474383573698 
-10.0 10.0 0.0098867259626 
-9.0 -10.0 0.002005597303 
-9.0 -9.0 0.00842987832025 
-9.0 -8.0 0.00630373970099 
-9.0 -7.0 0.00184755846489 
-9.0 -6.0 0.000470098403204 
-9.0 -5.0 0.000128884013529 
-9.0 -4.0 4.08777890997e-05 
-9.0 -3.0 1.75291176272e-05 
-9.0 -2.0 1.07098453761e-05 
-9.0 -1.0 8.44295175142e-06 
-9.0 0.0 7.73205452587e-06 
-9.0 1.0 7.86505140895e-06 
-9.0 2.0 9.06965779901e-06 
-9.0 3.0 1.29023994887e-05 
-9.0 4.0 2.52658166171e-05 
-9.0 5.0 6.91002420219e-05 
-9.0 6.0 0.000237735639722 
-9.0 7.0 0.0010165675114 
-9.0 8.0 0.00483899166155 
-9.0 9.0 0.0106162663564 
-9.0 10.0 0.00404522000017 
-8.0 -10.0 0.000322633181364 
-8.0 -9.0 0.0025330175079 
-8.0 -8.0 0.0102053941175 
-8.0 -7.0 0.00698580700315 
-8.0 -6.0 0.00183151718527 
-8.0 -5.0 0.000419677876452 
-8.0 -4.0 0.000107991286839 
-8.0 -3.0 3.45147860163e-05 
-8.0 -2.0 1.57975702947e-05 
-8.0 -1.0 1.03917792862e-05 
-8.0 0.0 8.84644071844e-06 
-8.0 1.0 9.14036725951e-06 
-8.0 2.0 1.17908039914e-05 
-8.0 3.0 2.09646438887e-05 
-8.0 4.0 5.47353654277e-05 
-8.0 5.0 0.000197178055695 
-8.0 6.0 0.000934246218929 
-8.0 7.0 0.00488081463221 
-8.0 8.0 0.0113155719568 
-8.0 9.0 0.00449601394621 
-8.0 10.0 0.000533231561909 
-7.0 -10.0 0.000115554798577 
-7.0 -9.0 0.000382791141117 
-7.0 -8.0 0.00319875257378 
-7.0 -7.0 0.0122668217741 
-7.0 -6.0 0.00768260084285 
-7.0 -5.0 0.0017982500808 
-7.0 -4.0 0.000371619860885 
-7.0 -3.0 9.11462080581e-05 
-7.0 -2.0 3.01779039429e-05 
-7.0 -1.0 1.5222279142e-05 
-7.0 0.0 1.14640123423e-05 
-7.0 1.0 1.2155387449e-05 
-7.0 2.0 1.86662265904e-05 
-7.0 3.0 4.45348241645e-05 
-7.0 4.0 0.0001624412175 
-7.0 5.0 0.000845966832226 
-7.0 6.0 0.00487496964408 
-7.0 7.0 0.0119818272255 
-7.0 8.0 0.00497742042866 
-7.0 9.0 0.000580992714752 
-7.0 10.0 0.00012250388223 
-6.0 -10.0 7.97302064874e-05 
-6.0 -9.0 0.000126700517572 
-6.0 -8.0 0.000456228787636 
-6.0 -7.0 0.00403404705296 
-6.0 -6.0 0.0146470308754 
-6.0 -5.0 0.00841251972471 
-6.0 -4.0 0.00176493731009 
-6.0 -3.0 0.000333831812293 
-6.0 -2.0 8.12041585924e-05 
-6.0 -1.0 2.98929023766e-05 
-6.0 0.0 1.88338673595e-05 
-6.0 1.0 2.07422045115e-05 
-6.0 2.0 4.0539490582e-05 
-6.0 3.0 0.00013927581105 
-6.0 4.0 0.000771864770655 
-6.0 5.0 0.00487413711528 
-6.0 6.0 0.0126716605336 
-6.0 7.0 0.00550103255413 
-6.0 8.0 0.000634411320766 
-6.0 9.0 0.000127154772407 
-6.0 10.0 6.36230313742e-05 
-5.0 -10.0 7.22349914201e-05 
-5.0 -9.0 8.35850175663e-05 
-5.0 -8.0 0.000139226992762 
-5.0 -7.0 0.000546523712763 
-5.0 -6.0 0.0050929939864 
-5.0 -5.0 0.0175458529075 
-5.0 -4.0 0.00939473053802 
-5.0 -3.0 0.00182464476702 
-5.0 -2.0 0.000338090081629 
-5.0 -1.0 9.32163546755e-05 
-5.0 0.0 4.8392320047e-05 
-5.0 1.0 5.61460758854e-05 
-5.0 2.0 0.000147966422599 
-5.0 3.0 0.000779084140476 
-5.0 4.0 0.00511343219048 
-5.0 5.0 0.0136889600901 
-5.0 6.0 0.00613212725924 
-5.0 7.0 0.000697149810878 
-5.0 8.0 0.000132446242502 
-5.0 9.0 6.45618729553e-05 
-5.0 10.0 4.94621310858e-05 
-4.0 -10.0 7.15038444054e-05 
-4.0 -9.0 7.40328984701e-05 
-4.0 -8.0 8.76725845693e-05 
-4.0 -7.0 0.000153691385805 
-4.0 -6.0 0.000662749295782 
-4.0 -5.0 0.00658147167511 
-4.0 -4.0 0.0222788893629 
-4.0 -3.0 0.0120891822522 
-4.0 -2.0 0.00254955718225 
-4.0 -1.0 0.000606428491269 
-4.0 0.0 0.000287215380068 
-4.0 1.0 0.000361747644285 
-4.0 2.0 0.00125250621841 
-4.0 3.0 0.0067908565925 
-4.0 4.0 0.0164955981252 
-4.0 5.0 0.00718182952084 
-4.0 6.0 0.000784391911718 
-4.0 7.0 0.000139354097827 
-4.0 8.0 6.56960380998e-05 
-4.0 9.0 4.9731644326e-05 
-4.0 10.0 4.49233020746e-05 
-3.0 -10.0 7.22122284956e-05 
-3.0 -9.0 7.23291062294e-05 
-3.0 -8.0 7.5845372465e-05 
-3.0 -7.0 9.2396642971e-05 
-3.0 -6.0 0.000172886278803 
-3.0 -5.0 0.000850489033291 
-3.0 -4.0 0.00982043064822 
-3.0 -3.0 0.0387863203856 
-3.0 -2.0 0.0303176003262 
-3.0 -1.0 0.0124134907817 
-3.0 0.0 0.00742445578362 
-3.0 1.0 0.00983064631177 
-3.0 2.0 0.0222731919197 
-3.0 3.0 0.0308309043671 
-3.0 4.0 0.0103501400197 
-3.0 5.0 0.00096753472664 
-3.0 6.0 0.000152121938979 
-3.0 7.0 6.76789459016e-05 
-3.0 8.0 5.00157988263e-05 
-3.0 9.0 4.46452930176e-05 
-3.0 10.0 4.2685882431e-05 
-2.0 -10.0 7.25366971004e-05 
-2.0 -9.0 7.21524255888e-05 
-2.0 -8.0 7.29498703973e-05 
-2.0 -7.0 7.81833608133e-05 
-2.0 -6.0 0.000100403010237 
-2.0 -5.0 0.000214526146507 
-2.0 -4.0 0.00145636646996 
-2.0 -3.0 0.0289218752273 
-2.0 -2.0 0.205793462496 
-2.0 -1.0 0.386196578186 
-2.0 0.0 0.454190755429 
-2.0 1.0 0.407143234172 
-2.0 2.0 0.205956206772 
-2.0 3.0 0.032222552445 
-2.0 4.0 0.00170844880487 
-2.0 5.0 0.000191729065158 
-2.0 6.0 7.36510033623e-05 
-2.0 7.0 5.10541640829e-05 
-2.0 8.0 4.41023841807e-05 
-2.0 9.0 4.13376189498e-05 
-2.0 10.0 3.99900649401e-05 
-1.0 -10.0 7.13307036289e-05 
-1.0 -9.0 7.09832570156e-05 
-1.0 -8.0 7.13386387826e-05 
-1.0 -7.0 7.41102950402e-05 
-1.0 -6.0 8.50402562764e-05 
-1.0 -5.0 0.000129813034261 
-1.0 -4.0 0.000435565323514 
-1.0 -3.0 0.00881718578178 
-1.0 -2.0 0.421718743977 
-1.0 -1.0 0.922573877076 
-1.0 0.0 0.96523892053 
-1.0 1.0 0.925299973599 
-1.0 2.0 0.448910115892 
-1.0 3.0 0.0108315321022 
-1.0 4.0 0.000422658535638 
-1.0 5.0 0.000100849145774 
-1.0 6.0 5.69321412452e-05 
-1.0 7.0 4.44993909559e-05 
-1.0 8.0 3.94762382721e-05 
-1.0 9.0 3.69157508189e-05 
-1.0 10.0 3.53369879099e-05 
0.0 -10.0 6.71095669027e-05 
0.0 -9.0 6.68791561411e-05 
0.0 -8.0 6.76252661076e-05 
0.0 -7.0 7.11681950459e-05 
0.0 -6.0 8.32075295375e-05 
0.0 -5.0 0.000127582225335 
0.0 -4.0 0.000388202607404 
0.0 -3.0 0.00592100308407 
0.0 -2.0 0.454546610269 
0.0 -1.0 0.969837352684 
0.0 0.0 0.987885327928 
0.0 1.0 0.968797762874 
0.0 2.0 0.454043382845 
0.0 3.0 0.00590248004248 
0.0 4.0 0.000334802767038 
0.0 5.0 9.41721068551e-05 
0.0 6.0 5.29221024624e-05 
0.0 7.0 3.97946279554e-05 
0.0 8.0 3.40471469833e-05 
0.0 9.0 3.0955224574e-05 
0.0 10.0 2.90092869239e-05 
1.0 -10.0 5.83182007012e-05 
1.0 -9.0 5.82882140346e-05 
1.0 -8.0 6.00006783628e-05 
1.0 -7.0 6.64256525053e-05 
1.0 -6.0 8.75442348223e-05 
1.0 -5.0 0.000171824193766 
1.0 -4.0 0.000764656077521 
1.0 -3.0 0.0126339433784 
1.0 -2.0 0.384923487418 
1.0 -1.0 0.92973739108 
1.0 0.0 0.972776819837 
1.0 1.0 0.925419573291 
1.0 2.0 0.36026918567 
1.0 3.0 0.0115476760617 
1.0 4.0 0.000642205369305 
1.0 5.0 0.000128320358351 
1.0 6.0 5.65787821782e-05 
1.0 7.0 3.70647946201e-05 
1.0 8.0 2.93868288209e-05 
1.0 9.0 2.56055355026e-05 
1.0 10.0 2.34320943598e-05 
2.0 -10.0 4.58691701694e-05 
2.0 -9.0 4.65573191859e-05 
2.0 -8.0 5.02295139519e-05 
2.0 -7.0 6.2424594222e-05 
2.0 -6.0 0.000106104229288 
2.0 -5.0 0.000333418359076 
2.0 -4.0 0.00254627950615 
2.0 -3.0 0.0326787712642 
2.0 -2.0 0.207256019376 
2.0 -1.0 0.412526583908 
2.0 0.0 0.453298954302 
2.0 1.0 0.386341051544 
2.0 2.0 0.206804209158 
2.0 3.0 0.0346857617342 
2.0 4.0 0.00243529844369 
2.0 5.0 0.000280531764239 
2.0 6.0 7.93520509986e-05 
2.0 7.0 4.06422521108e-05 
2.0 8.0 2.83936015769e-05 
2.0 9.0 2.3186335715e-05 
2.0 10.0 2.05299196492e-05 
3.0 -10.0 3.47334891694e-05 
3.0 -9.0 3.70815501339e-05 
3.0 -8.0 4.47036659309e-05 
3.0 -7.0 7.0221060296e-05 
3.0 -6.0 0.000184616870078 
3.0 -5.0 0.00101949738228 
3.0 -4.0 0.00873588814761 
3.0 -3.0 0.0396096314 
3.0 -2.0 0.0420409620663 
3.0 -1.0 0.0116817925882 
3.0 0.0 0.00422453329957 
3.0 1.0 0.00815030703734 
3.0 2.0 0.0350122643358 
3.0 3.0 0.0467955688514 
3.0 4.0 0.011360627522 
3.0 5.0 0.00113573204605 
3.0 6.0 0.000178501220738 
3.0 7.0 6.04951312421e-05 
3.0 8.0 3.38015673661e-05 
3.0 9.0 2.45804722481e-05 
3.0 10.0 2.04656264469e-05 
4.0 -10.0 2.90222440519e-05 
4.0 -9.0 3.45580239921e-05 
4.0 -8.0 5.18572889206e-05 
4.0 -7.0 0.000121824327104 
4.0 -6.0 0.000548751834014 
4.0 -5.0 0.00378189392166 
4.0 -4.0 0.0159508359473 
4.0 -3.0 0.0161368009532 
4.0 -2.0 0.00346004174704 
4.0 -1.0 0.000645940130117 
4.0 0.0 0.000341498012883 
4.0 1.0 0.000496802469214 
4.0 2.0 0.00216956252431 
4.0 3.0 0.014447082506 
4.0 4.0 0.0233597710132 
4.0 5.0 0.0061433110543 
4.0 6.0 0.000735837508141 
4.0 7.0 0.000140178122431 
4.0 8.0 5.31761491765e-05 
4.0 9.0 3.13322368832e-05 
4.0 10.0 2.33066284385e-05 
5.0 -10.0 2.95510193714e-05 
5.0 -9.0 4.31125024059e-05 
5.0 -8.0 9.39523440659e-05 
5.0 -7.0 0.000366714436619 
5.0 -6.0 0.00214719446607 
5.0 -5.0 0.00878196472222 
5.0 -4.0 0.00986344220718 
5.0 -3.0 0.00234525490639 
5.0 -2.0 0.00042975966634 
5.0 -1.0 0.000183305978067 
5.0 0.0 0.000143258172101 
5.0 1.0 0.000165263872211 
5.0 2.0 0.000326639325904 
5.0 3.0 0.00159567632978 
5.0 4.0 0.0105993956305 
5.0 5.0 0.0160606722752 
5.0 6.0 0.00416159972361 
5.0 7.0 0.000564673590189 
5.0 8.0 0.000123294713631 
5.0 9.0 5.04612488182e-05 
5.0 10.0 3.07478772905e-05 
6.0 -10.0 3.90309438884e-05 
6.0 -9.0 8.06399652659e-05 
6.0 -8.0 0.000282602130322 
6.0 -7.0 0.0014408683044 
6.0 -6.0 0.00564846241228 
6.0 -5.0 0.00708666893501 
6.0 -4.0 0.00194540478128 
6.0 -3.0 0.0003758094486 
6.0 -2.0 0.000157761772182 
6.0 -1.0 0.000114044264413 
6.0 0.0 0.000104069464408 
6.0 1.0 0.000109475089335 
6.0 2.0 0.000142538910535 
6.0 3.0 0.000301687585391 
6.0 4.0 0.00152684731247 
6.0 5.0 0.0094048044926 
6.0 6.0 0.0124661470904 
6.0 7.0 0.00311683578298 
6.0 8.0 0.000471529005079 
6.0 9.0 0.000114779213583 
6.0 10.0 4.96870398319e-05 
7.0 -10.0 7.37808386877e-05 
7.0 -9.0 0.000237505635197 
7.0 -8.0 0.0010696925679 
7.0 -7.0 0.00393850647755 
7.0 -6.0 0.00540961475108 
7.0 -5.0 0.00171936683917 
7.0 -4.0 0.000352686249603 
7.0 -3.0 0.000148750333238 
7.0 -2.0 0.000106768561135 
7.0 -1.0 9.47290209321e-05 
7.0 0.0 9.1378724551e-05 
7.0 1.0 9.29647200989e-05 
7.0 2.0 0.000102650586665 
7.0 3.0 0.000138345534278 
7.0 4.0 0.00030574849302 
7.0 5.0 0.00158918306739 
7.0 6.0 0.00884082192431 
7.0 7.0 0.0100424571546 
7.0 8.0 0.00244452990087 
7.0 9.0 0.000412110041656 
7.0 10.0 0.000110125996632 
8.0 -10.0 0.00021061756295 
8.0 -9.0 0.000847582983139 
8.0 -8.0 0.00287814255451 
8.0 -7.0 0.00420791159424 
8.0 -6.0 0.00154412748378 
8.0 -5.0 0.000338420759682 
8.0 -4.0 0.000143921235815 
8.0 -3.0 0.000103492126626 
8.0 -2.0 9.16878654807e-05 
8.0 -1.0 8.75416756947e-05 
8.0 0.0 8.62021965294e-05 
8.0 1.0 8.66856311938e-05 
8.0 2.0 9.00070162203e-05 
8.0 3.0 0.00010095455202 
8.0 4.0 0.000139186859184 
8.0 5.0 0.000320326943301 
8.0 6.0 0.00169703080386 
8.0 7.0 0.00836440943836 
8.0 8.0 0.0081308394058 
8.0 9.0 0.00196814711175 
8.0 10.0 0.000370731221408 
9.0 -10.0 0.000703747477883 
9.0 -9.0 0.0021770689802 
9.0 -8.0 0.00328491511567 
9.0 -7.0 0.00138081272995 
9.0 -6.0 0.000326061414821 
9.0 -5.0 0.000140406177186 
9.0 -4.0 0.000101400194149 
9.0 -3.0 9.00788202155e-05 
9.0 -2.0 8.60202986879e-05 
9.0 -1.0 8.43698443232e-05 
9.0 0.0 8.3763337617e-05 
9.0 1.0 8.39084391433e-05 
9.0 2.0 8.51615959157e-05 
9.0 3.0 8.90612846578e-05 
9.0 4.0 0.000100891799446 
9.0 5.0 0.000142012260432 
9.0 6.0 0.000339954330326 
9.0 7.0 0.00181561977728 
9.0 8.0 0.00780285258239 
9.0 9.0 0.00655457594796 
9.0 10.0 0.00161697001035 
10.0 -10.0 0.00169887542825 
10.0 -9.0 0.00256803972803 
10.0 -8.0 0.00121905671088 
10.0 -7.0 0.00031265772964 
10.0 -6.0 0.000137115557992 
10.0 -5.0 9.96978680378e-05 
10.0 -4.0 8.89500951892e-05 
10.0 -3.0 8.51309163919e-05 
10.0 -2.0 8.35294701124e-05 
10.0 -1.0 8.27893723995e-05 
10.0 0.0 8.24874733035e-05 
10.0 1.0 8.25304627026e-05 
10.0 2.0 8.30495695894e-05 
10.0 3.0 8.45831671356e-05 
10.0 4.0 8.8833465376e-05 
10.0 5.0 0.000101494249551 
10.0 6.0 0.000145785533276 
10.0 7.0 0.000362279927579 
10.0 8.0 0.00192416184355 
10.0 9.0 0.00712181954035 
10.0 10.0 0.00526233544329 
