-10.000000 -10.000000 0.002960 
-10.000000 -8.000000 -0.006728 
-10.000000 -6.000000 0.002533 
-10.000000 -4.000000 0.010293 
-10.000000 -2.000000 -0.024734 
-10.000000 0.000000 -0.054402 
-10.000000 2.000000 -0.024734 
-10.000000 4.000000 0.010293 
-10.000000 6.000000 0.002533 
-10.000000 8.000000 -0.006728 
-10.000000 10.000000 0.002960 
-8.000000 -10.000000 -0.006728 
-8.000000 -8.000000 0.015294 
-8.000000 -6.000000 -0.005759 
-8.000000 -4.000000 -0.023398 
-8.000000 -2.000000 0.056226 
-8.000000 0.000000 0.123670 
-8.000000 2.000000 0.056226 
-8.000000 4.000000 -0.023398 
-8.000000 6.000000 -0.005759 
-8.000000 8.000000 0.015294 
-8.000000 10.000000 -0.006728 
-6.000000 -10.000000 0.002533 
-6.000000 -8.000000 -0.005759 
-6.000000 -6.000000 0.002169 
-6.000000 -4.000000 0.008811 
-6.000000 -2.000000 -0.021173 
-6.000000 0.000000 -0.046569 
-6.000000 2.000000 -0.021173 
-6.000000 4.000000 0.008811 
-6.000000 6.000000 0.002169 
-6.000000 8.000000 -0.005759 
-6.000000 10.000000 0.002533 
-4.000000 -10.000000 0.010293 
-4.000000 -8.000000 -0.023398 
-4.000000 -6.000000 0.008811 
-4.000000 -4.000000 0.035797 
-4.000000 -2.000000 -0.086020 
-4.000000 0.000000 -0.189201 
-4.000000 2.000000 -0.086020 
-4.000000 4.000000 0.035797 
-4.000000 6.000000 0.008811 
-4.000000 8.000000 -0.023398 
-4.000000 10.000000 0.010293 
-2.000000 -10.000000 -0.024734 
-2.000000 -8.000000 0.056226 
-2.000000 -6.000000 -0.021173 
-2.000000 -4.000000 -0.086020 
-2.000000 -2.000000 0.206705 
-2.000000 0.000000 0.454649 
-2.000000 2.000000 0.206705 
-2.000000 4.000000 -0.086020 
-2.000000 6.000000 -0.021173 
-2.000000 8.000000 0.056226 
-2.000000 10.000000 -0.024734 
0.000000 -10.000000 -0.054402 
0.000000 -8.000000 0.123670 
0.000000 -6.000000 -0.046569 
0.000000 -4.000000 -0.189201 
0.000000 -2.000000 0.454649 
0.000000 0.000000 1.000000 
0.000000 2.000000 0.454649 
0.000000 4.000000 -0.189201 
0.000000 6.000000 -0.046569 
0.000000 8.000000 0.123670 
0.000000 10.000000 -0.054402 
2.000000 -10.000000 -0.024734 
2.000000 -8.000000 0.056226 
2.000000 -6.000000 -0.021173 
2.000000 -4.000000 -0.086020 
2.000000 -2.000000 0.206705 
2.000000 0.000000 0.454649 
2.000000 2.000000 0.206705 
2.000000 4.000000 -0.086020 
2.000000 6.000000 -0.021173 
2.000000 8.000000 0.056226 
2.000000 10.000000 -0.024734 
4.000000 -10.000000 0.010293 
4.000000 -8.000000 -0.023398 
4.000000 -6.000000 0.008811 
4.000000 -4.000000 0.035797 
4.000000 -2.000000 -0.086020 
4.000000 0.000000 -0.189201 
4.000000 2.000000 -0.086020 
4.000000 4.000000 0.035797 
4.000000 6.000000 0.008811 
4.000000 8.000000 -0.023398 
4.000000 10.000000 0.010293 
6.000000 -10.000000 0.002533 
6.000000 -8.000000 -0.005759 
6.000000 -6.000000 0.002169 
6.000000 -4.000000 0.008811 
6.000000 -2.000000 -0.021173 
6.000000 0.000000 -0.046569 
6.000000 2.000000 -0.021173 
6.000000 4.000000 0.008811 
6.000000 6.000000 0.002169 
6.000000 8.000000 -0.005759 
6.000000 10.000000 0.002533 
8.000000 -10.000000 -0.006728 
8.000000 -8.000000 0.015294 
8.000000 -6.000000 -0.005759 
8.000000 -4.000000 -0.023398 
8.000000 -2.000000 0.056226 
8.000000 0.000000 0.123670 
8.000000 2.000000 0.056226 
8.000000 4.000000 -0.023398 
8.000000 6.000000 -0.005759 
8.000000 8.000000 0.015294 
8.000000 10.000000 -0.006728 
10.000000 -10.000000 0.002960 
10.000000 -8.000000 -0.006728 
10.000000 -6.000000 0.002533 
10.000000 -4.000000 0.010293 
10.000000 -2.000000 -0.024734 
10.000000 0.000000 -0.054402 
10.000000 2.000000 -0.024734 
10.000000 4.000000 0.010293 
10.000000 6.000000 0.002533 
10.000000 8.000000 -0.006728 
10.000000 10.000000 0.002960 
-10.000000 -10.000000 0.002960 
-10.000000 -9.000000 -0.002491 
-10.000000 -8.000000 -0.006728 
-10.000000 -7.000000 -0.005106 
-10.000000 -6.000000 0.002533 
-10.000000 -5.000000 0.010434 
-10.000000 -4.000000 0.010293 
-10.000000 -3.000000 -0.002559 
-10.000000 -2.000000 -0.024734 
-10.000000 -1.000000 -0.045778 
-10.000000 0.000000 -0.054402 
-10.000000 1.000000 -0.045778 
-10.000000 2.000000 -0.024734 
-10.000000 3.000000 -0.002559 
-10.000000 4.000000 0.010293 
-10.000000 5.000000 0.010434 
-10.000000 6.000000 0.002533 
-10.000000 7.000000 -0.005106 
-10.000000 8.000000 -0.006728 
-10.000000 9.000000 -0.002491 
-10.000000 10.000000 0.002960 
-9.000000 -10.000000 -0.002491 
-9.000000 -9.000000 0.002097 
-9.000000 -8.000000 0.005663 
-9.000000 -7.000000 0.004298 
-9.000000 -6.000000 -0.002132 
-9.000000 -5.000000 -0.008782 
-9.000000 -4.000000 -0.008664 
-9.000000 -3.000000 0.002154 
-9.000000 -2.000000 0.020819 
-9.000000 -1.000000 0.038532 
-9.000000 0.000000 0.045791 
-9.000000 1.000000 0.038532 
-9.000000 2.000000 0.020819 
-9.000000 3.000000 0.002154 
-9.000000 4.000000 -0.008664 
-9.000000 5.000000 -0.008782 
-9.000000 6.000000 -0.002132 
-9.000000 7.000000 0.004298 
-9.000000 8.000000 0.005663 
-9.000000 9.000000 0.002097 
-9.000000 10.000000 -0.002491 
-8.000000 -10.000000 -0.006728 
-8.000000 -9.000000 0.005663 
-8.000000 -8.000000 0.015294 
-8.000000 -7.000000 0.011607 
-8.000000 -6.000000 -0.005759 
-8.000000 -5.000000 -0.023718 
-8.000000 -4.000000 -0.023398 
-8.000000 -3.000000 0.005817 
-8.000000 -2.000000 0.056226 
-8.000000 -1.000000 0.104065 
-8.000000 0.000000 0.123670 
-8.000000 1.000000 0.104065 
-8.000000 2.000000 0.056226 
-8.000000 3.000000 0.005817 
-8.000000 4.000000 -0.023398 
-8.000000 5.000000 -0.023718 
-8.000000 6.000000 -0.005759 
-8.000000 7.000000 0.011607 
-8.000000 8.000000 0.015294 
-8.000000 9.000000 0.005663 
-8.000000 10.000000 -0.006728 
-7.000000 -10.000000 -0.005106 
-7.000000 -9.000000 0.004298 
-7.000000 -8.000000 0.011607 
-7.000000 -7.000000 0.008809 
-7.000000 -6.000000 -0.004371 
-7.000000 -5.000000 -0.018000 
-7.000000 -4.000000 -0.017757 
-7.000000 -3.000000 0.004415 
-7.000000 -2.000000 0.042671 
-7.000000 -1.000000 0.078976 
-7.000000 0.000000 0.093855 
-7.000000 1.000000 0.078976 
-7.000000 2.000000 0.042671 
-7.000000 3.000000 0.004415 
-7.000000 4.000000 -0.017757 
-7.000000 5.000000 -0.018000 
-7.000000 6.000000 -0.004371 
-7.000000 7.000000 0.008809 
-7.000000 8.000000 0.011607 
-7.000000 9.000000 0.004298 
-7.000000 10.000000 -0.005106 
-6.000000 -10.000000 0.002533 
-6.000000 -9.000000 -0.002132 
-6.000000 -8.000000 -0.005759 
-6.000000 -7.000000 -0.004371 
-6.000000 -6.000000 0.002169 
-6.000000 -5.000000 0.008931 
-6.000000 -4.000000 0.008811 
-6.000000 -3.000000 -0.002191 
-6.000000 -2.000000 -0.021173 
-6.000000 -1.000000 -0.039187 
-6.000000 0.000000 -0.046569 
-6.000000 1.000000 -0.039187 
-6.000000 2.000000 -0.021173 
-6.000000 3.000000 -0.002191 
-6.000000 4.000000 0.008811 
-6.000000 5.000000 0.008931 
-6.000000 6.000000 0.002169 
-6.000000 7.000000 -0.004371 
-6.000000 8.000000 -0.005759 
-6.000000 9.000000 -0.002132 
-6.000000 10.000000 0.002533 
-5.000000 -10.000000 0.010434 
-5.000000 -9.000000 -0.008782 
-5.000000 -8.000000 -0.023718 
-5.000000 -7.000000 -0.018000 
-5.000000 -6.000000 0.008931 
-5.000000 -5.000000 0.036781 
-5.000000 -4.000000 0.036286 
-5.000000 -3.000000 -0.009022 
-5.000000 -2.000000 -0.087195 
-5.000000 -1.000000 -0.161381 
-5.000000 0.000000 -0.191785 
-5.000000 1.000000 -0.161381 
-5.000000 2.000000 -0.087195 
-5.000000 3.000000 -0.009022 
-5.000000 4.000000 0.036286 
-5.000000 5.000000 0.036781 
-5.000000 6.000000 0.008931 
-5.000000 7.000000 -0.018000 
-5.000000 8.000000 -0.023718 
-5.000000 9.000000 -0.008782 
-5.000000 10.000000 0.010434 
-4.000000 -10.000000 0.010293 
-4.000000 -9.000000 -0.008664 
-4.000000 -8.000000 -0.023398 
-4.000000 -7.000000 -0.017757 
-4.000000 -6.000000 0.008811 
-4.000000 -5.000000 0.036286 
-4.000000 -4.000000 0.035797 
-4.000000 -3.000000 -0.008900 
-4.000000 -2.000000 -0.086020 
-4.000000 -1.000000 -0.159207 
-4.000000 0.000000 -0.189201 
-4.000000 1.000000 -0.159207 
-4.000000 2.000000 -0.086020 
-4.000000 3.000000 -0.008900 
-4.000000 4.000000 0.035797 
-4.000000 5.000000 0.036286 
-4.000000 6.000000 0.008811 
-4.000000 7.000000 -0.017757 
-4.000000 8.000000 -0.023398 
-4.000000 9.000000 -0.008664 
-4.000000 10.000000 0.010293 
-3.000000 -10.000000 -0.002559 
-3.000000 -9.000000 0.002154 
-3.000000 -8.000000 0.005817 
-3.000000 -7.000000 0.004415 
-3.000000 -6.000000 -0.002191 
-3.000000 -5.000000 -0.009022 
-3.000000 -4.000000 -0.008900 
-3.000000 -3.000000 0.002213 
-3.000000 -2.000000 0.021387 
-3.000000 -1.000000 0.039583 
-3.000000 0.000000 0.047040 
-3.000000 1.000000 0.039583 
-3.000000 2.000000 0.021387 
-3.000000 3.000000 0.002213 
-3.000000 4.000000 -0.008900 
-3.000000 5.000000 -0.009022 
-3.000000 6.000000 -0.002191 
-3.000000 7.000000 0.004415 
-3.000000 8.000000 0.005817 
-3.000000 9.000000 0.002154 
-3.000000 10.000000 -0.002559 
-2.000000 -10.000000 -0.024734 
-2.000000 -9.000000 0.020819 
-2.000000 -8.000000 0.056226 
-2.000000 -7.000000 0.042671 
-2.000000 -6.000000 -0.021173 
-2.000000 -5.000000 -0.087195 
-2.000000 -4.000000 -0.086020 
-2.000000 -3.000000 0.021387 
-2.000000 -2.000000 0.206705 
-2.000000 -1.000000 0.382574 
-2.000000 0.000000 0.454649 
-2.000000 1.000000 0.382574 
-2.000000 2.000000 0.206705 
-2.000000 3.000000 0.021387 
-2.000000 4.000000 -0.086020 
-2.000000 5.000000 -0.087195 
-2.000000 6.000000 -0.021173 
-2.000000 7.000000 0.042671 
-2.000000 8.000000 0.056226 
-2.000000 9.000000 0.020819 
-2.000000 10.000000 -0.024734 
-1.000000 -10.000000 -0.045778 
-1.000000 -9.000000 0.038532 
-1.000000 -8.000000 0.104065 
-1.000000 -7.000000 0.078976 
-1.000000 -6.000000 -0.039187 
-1.000000 -5.000000 -0.161381 
-1.000000 -4.000000 -0.159207 
-1.000000 -3.000000 0.039583 
-1.000000 -2.000000 0.382574 
-1.000000 -1.000000 0.708073 
-1.000000 0.000000 0.841471 
-1.000000 1.000000 0.708073 
-1.000000 2.000000 0.382574 
-1.000000 3.000000 0.039583 
-1.000000 4.000000 -0.159207 
-1.000000 5.000000 -0.161381 
-1.000000 6.000000 -0.039187 
-1.000000 7.000000 0.078976 
-1.000000 8.000000 0.104065 
-1.000000 9.000000 0.038532 
-1.000000 10.000000 -0.045778 
0.000000 -10.000000 -0.054402 
0.000000 -9.000000 0.045791 
0.000000 -8.000000 0.123670 
0.000000 -7.000000 0.093855 
0.000000 -6.000000 -0.046569 
0.000000 -5.000000 -0.191785 
0.000000 -4.000000 -0.189201 
0.000000 -3.000000 0.047040 
0.000000 -2.000000 0.454649 
0.000000 -1.000000 0.841471 
0.000000 0.000000 1.000000 
0.000000 1.000000 0.841471 
0.000000 2.000000 0.454649 
0.000000 3.000000 0.047040 
0.000000 4.000000 -0.189201 
0.000000 5.000000 -0.191785 
0.000000 6.000000 -0.046569 
0.000000 7.000000 0.093855 
0.000000 8.000000 0.123670 
0.000000 9.000000 0.045791 
0.000000 10.000000 -0.054402 
1.000000 -10.000000 -0.045778 
1.000000 -9.000000 0.038532 
1.000000 -8.000000 0.104065 
1.000000 -7.000000 0.078976 
1.000000 -6.000000 -0.039187 
1.000000 -5.000000 -0.161381 
1.000000 -4.000000 -0.159207 
1.000000 -3.000000 0.039583 
1.000000 -2.000000 0.382574 
1.000000 -1.000000 0.708073 
1.000000 0.000000 0.841471 
1.000000 1.000000 0.708073 
1.000000 2.000000 0.382574 
1.000000 3.000000 0.039583 
1.000000 4.000000 -0.159207 
1.000000 5.000000 -0.161381 
1.000000 6.000000 -0.039187 
1.000000 7.000000 0.078976 
1.000000 8.000000 0.104065 
1.000000 9.000000 0.038532 
1.000000 10.000000 -0.045778 
2.000000 -10.000000 -0.024734 
2.000000 -9.000000 0.020819 
2.000000 -8.000000 0.056226 
2.000000 -7.000000 0.042671 
2.000000 -6.000000 -0.021173 
2.000000 -5.000000 -0.087195 
2.000000 -4.000000 -0.086020 
2.000000 -3.000000 0.021387 
2.000000 -2.000000 0.206705 
2.000000 -1.000000 0.382574 
2.000000 0.000000 0.454649 
2.000000 1.000000 0.382574 
2.000000 2.000000 0.206705 
2.000000 3.000000 0.021387 
2.000000 4.000000 -0.086020 
2.000000 5.000000 -0.087195 
2.000000 6.000000 -0.021173 
2.000000 7.000000 0.042671 
2.000000 8.000000 0.056226 
2.000000 9.000000 0.020819 
2.000000 10.000000 -0.024734 
3.000000 -10.000000 -0.002559 
3.000000 -9.000000 0.002154 
3.000000 -8.000000 0.005817 
3.000000 -7.000000 0.004415 
3.000000 -6.000000 -0.002191 
3.000000 -5.000000 -0.009022 
3.000000 -4.000000 -0.008900 
3.000000 -3.000000 0.002213 
3.000000 -2.000000 0.021387 
3.000000 -1.000000 0.039583 
3.000000 0.000000 0.047040 
3.000000 1.000000 0.039583 
3.000000 2.000000 0.021387 
3.000000 3.000000 0.002213 
3.000000 4.000000 -0.008900 
3.000000 5.000000 -0.009022 
3.000000 6.000000 -0.002191 
3.000000 7.000000 0.004415 
3.000000 8.000000 0.005817 
3.000000 9.000000 0.002154 
3.000000 10.000000 -0.002559 
4.000000 -10.000000 0.010293 
4.000000 -9.000000 -0.008664 
4.000000 -8.000000 -0.023398 
4.000000 -7.000000 -0.017757 
4.000000 -6.000000 0.008811 
4.000000 -5.000000 0.036286 
4.000000 -4.000000 0.035797 
4.000000 -3.000000 -0.008900 
4.000000 -2.000000 -0.086020 
4.000000 -1.000000 -0.159207 
4.000000 0.000000 -0.189201 
4.000000 1.000000 -0.159207 
4.000000 2.000000 -0.086020 
4.000000 3.000000 -0.008900 
4.000000 4.000000 0.035797 
4.000000 5.000000 0.036286 
4.000000 6.000000 0.008811 
4.000000 7.000000 -0.017757 
4.000000 8.000000 -0.023398 
4.000000 9.000000 -0.008664 
4.000000 10.000000 0.010293 
5.000000 -10.000000 0.010434 
5.000000 -9.000000 -0.008782 
5.000000 -8.000000 -0.023718 
5.000000 -7.000000 -0.018000 
5.000000 -6.000000 0.008931 
5.000000 -5.000000 0.036781 
5.000000 -4.000000 0.036286 
5.000000 -3.000000 -0.009022 
5.000000 -2.000000 -0.087195 
5.000000 -1.000000 -0.161381 
5.000000 0.000000 -0.191785 
5.000000 1.000000 -0.161381 
5.000000 2.000000 -0.087195 
5.000000 3.000000 -0.009022 
5.000000 4.000000 0.036286 
5.000000 5.000000 0.036781 
5.000000 6.000000 0.008931 
5.000000 7.000000 -0.018000 
5.000000 8.000000 -0.023718 
5.000000 9.000000 -0.008782 
5.000000 10.000000 0.010434 
6.000000 -10.000000 0.002533 
6.000000 -9.000000 -0.002132 
6.000000 -8.000000 -0.005759 
6.000000 -7.000000 -0.004371 
6.000000 -6.000000 0.002169 
6.000000 -5.000000 0.008931 
6.000000 -4.000000 0.008811 
6.000000 -3.000000 -0.002191 
6.000000 -2.000000 -0.021173 
6.000000 -1.000000 -0.039187 
6.000000 0.000000 -0.046569 
6.000000 1.000000 -0.039187 
6.000000 2.000000 -0.021173 
6.000000 3.000000 -0.002191 
6.000000 4.000000 0.008811 
6.000000 5.000000 0.008931 
6.000000 6.000000 0.002169 
6.000000 7.000000 -0.004371 
6.000000 8.000000 -0.005759 
6.000000 9.000000 -0.002132 
6.000000 10.000000 0.002533 
7.000000 -10.000000 -0.005106 
7.000000 -9.000000 0.004298 
7.000000 -8.000000 0.011607 
7.000000 -7.000000 0.008809 
7.000000 -6.000000 -0.004371 
7.000000 -5.000000 -0.018000 
7.000000 -4.000000 -0.017757 
7.000000 -3.000000 0.004415 
7.000000 -2.000000 0.042671 
7.000000 -1.000000 0.078976 
7.000000 0.000000 0.093855 
7.000000 1.000000 0.078976 
7.000000 2.000000 0.042671 
7.000000 3.000000 0.004415 
7.000000 4.000000 -0.017757 
7.000000 5.000000 -0.018000 
7.000000 6.000000 -0.004371 
7.000000 7.000000 0.008809 
7.000000 8.000000 0.011607 
7.000000 9.000000 0.004298 
7.000000 10.000000 -0.005106 
8.000000 -10.000000 -0.006728 
8.000000 -9.000000 0.005663 
8.000000 -8.000000 0.015294 
8.000000 -7.000000 0.011607 
8.000000 -6.000000 -0.005759 
8.000000 -5.000000 -0.023718 
8.000000 -4.000000 -0.023398 
8.000000 -3.000000 0.005817 
8.000000 -2.000000 0.056226 
8.000000 -1.000000 0.104065 
8.000000 0.000000 0.123670 
8.000000 1.000000 0.104065 
8.000000 2.000000 0.056226 
8.000000 3.000000 0.005817 
8.000000 4.000000 -0.023398 
8.000000 5.000000 -0.023718 
8.000000 6.000000 -0.005759 
8.000000 7.000000 0.011607 
8.000000 8.000000 0.015294 
8.000000 9.000000 0.005663 
8.000000 10.000000 -0.006728 
9.000000 -10.000000 -0.002491 
9.000000 -9.000000 0.002097 
9.000000 -8.000000 0.005663 
9.000000 -7.000000 0.004298 
9.000000 -6.000000 -0.002132 
9.000000 -5.000000 -0.008782 
9.000000 -4.000000 -0.008664 
9.000000 -3.000000 0.002154 
9.000000 -2.000000 0.020819 
9.000000 -1.000000 0.038532 
9.000000 0.000000 0.045791 
9.000000 1.000000 0.038532 
9.000000 2.000000 0.020819 
9.000000 3.000000 0.002154 
9.000000 4.000000 -0.008664 
9.000000 5.000000 -0.008782 
9.000000 6.000000 -0.002132 
9.000000 7.000000 0.004298 
9.000000 8.000000 0.005663 
9.000000 9.000000 0.002097 
9.000000 10.000000 -0.002491 
10.000000 -10.000000 0.002960 
10.000000 -9.000000 -0.002491 
10.000000 -8.000000 -0.006728 
10.000000 -7.000000 -0.005106 
10.000000 -6.000000 0.002533 
10.000000 -5.000000 0.010434 
10.000000 -4.000000 0.010293 
10.000000 -3.000000 -0.002559 
10.000000 -2.000000 -0.024734 
10.000000 -1.000000 -0.045778 
10.000000 0.000000 -0.054402 
10.000000 1.000000 -0.045778 
10.000000 2.000000 -0.024734 
10.000000 3.000000 -0.002559 
10.000000 4.000000 0.010293 
10.000000 5.000000 0.010434 
10.000000 6.000000 0.002533 
10.000000 7.000000 -0.005106 
10.000000 8.000000 -0.006728 
10.000000 9.000000 -0.002491 
10.000000 10.000000 0.002960 
